2008fffd
00000000
00000000
00000000
00000000
00000000
01084820
00000000
00000000
00000000
00000000
00000000
210afffc
00000000
00000000
00000000
00000000
00000000
254a0fff
00000000
00000000
00000000
00000000
00000000
200bffff
00000000
00000000
00000000
00000000
00000000
014b5021
00000000
00000000
00000000
00000000
00000000
01495022
00000000
00000000
00000000
00000000
00000000
200c0fad
00000000
00000000
00000000
00000000
00000000
718c5002
00000000
00000000
00000000
00000000
00000000
014a0018
00000000
00000000
00000000
00000000
00000000
018a0019
00000000
00000000
00000000
00000000
00000000
718a0000
00000000
00000000
00000000
00000000
00000000
718a0004
00000000
00000000
00000000
00000000
00000000
ac0c0004
00000000
00000000
00000000
00000000
00000000
8c0d0004
00000000
00000000
00000000
00000000
00000000
a00a0004
00000000
00000000
00000000
00000000
00000000
00000000
00000000
00000000
00000000
00000000
a40a0006
00000000
00000000
00000000
00000000
00000000
00000000
00000000
00000000
00000000
00000000
860d0006
00000000
00000000
00000000
00000000
00000000
820d0005
00000000
00000000
00000000
00000000
00000000
3c0dabcd
00000000
00000000
00000000
00000000
00000000
3c08aaaa
00000000
00000000
00000000
00000000
00000000
20080aaa
00000000
00000000
00000000
00000000
00000000
3c090999
00000000
00000000
00000000
00000000
00000000
20090999
00000000
00000000
00000000
00000000
00000000
01095024
00000000
00000000
00000000
00000000
00000000
310a0777
00000000
00000000
00000000
00000000
00000000
01095025
00000000
00000000
00000000
00000000
00000000
01095027
00000000
00000000
00000000
00000000
00000000
01095026
00000000
00000000
00000000
00000000
00000000
350a0777
00000000
00000000
00000000
00000000
00000000
390a0777
00000000
00000000
00000000
00000000
00000000
00000000
00000000
00000000
00000000
00000000
000a5080
00000000
00000000
00000000
00000000
00000000
000a5102
00000000
00000000
00000000
00000000
00000000
214afff0
00000000
00000000
00000000
00000000
00000000
014a5004
00000000
00000000
00000000
00000000
00000000
2129fff0
00000000
00000000
00000000
00000000
00000000
012a5006
00000000
00000000
00000000
00000000
00000000
012a582a
00000000
00000000
00000000
00000000
00000000
292b0fff
00000000
00000000
00000000
00000000
00000000
012a580b
00000000
00000000
00000000
00000000
00000000
0140580b
00000000
00000000
00000000
00000000
00000000
00000000
00000000
00000000
00000000
00000000
00000000
00000000
00000000
00000000
00000000
00095903
00000000
00000000
00000000
00000000
00000000
01295807
00000000
00000000
00000000
00000000
00000000
00000000
00000000
00000000
00000000
00000000
2d2b0fff
00000000
00000000
00000000
00000000
00000000
012a582b
00000000
00000000
00000000
00000000
00000000
00005810
00000000
00000000
00000000
00000000
00000000
00006012
00000000
00000000
00000000
00000000
00000000
01800011
00000000
00000000
00000000
00000000
00000000
01600013
00000000
00000000
00000000
00000000
00000000
200b0004
00000000
00000000
00000000
00000000
00000000
216bffff
00000000
00000000
00000000
00000000
00000000
0561fff3
00000000
00000000
00000000
00000000
00000000
200c0000
00000000
00000000
00000000
00000000
00000000
216b0001
00000000
00000000
00000000
00000000
00000000
116cfff9
00000000
00000000
00000000
00000000
00000000
200cffff
00000000
00000000
00000000
00000000
00000000
218c0001
00000000
00000000
00000000
00000000
00000000
156cfff9
00000000
00000000
00000000
00000000
00000000
218c0001
00000000
00000000
00000000
00000000
00000000
218cffff
00000000
00000000
00000000
00000000
00000000
1d80fff9
00000000
00000000
00000000
00000000
00000000
200cffff
00000000
00000000
00000000
00000000
00000000
218c0001
00000000
00000000
00000000
00000000
00000000
1980fff9
00000000
00000000
00000000
00000000
00000000
200cfffe
00000000
00000000
00000000
00000000
00000000
218c0001
00000000
00000000
00000000
00000000
00000000
0580fff9
00000000
00000000
00000000
00000000
00000000
080001bc
00000000
00000000
00000000
00000000
00000000
218c0001
00000000
00000000
00000000
00000000
00000000
218c0001
00000000
00000000
00000000
00000000
00000000
200c0130
00000000
00000000
00000000
00000000
00000000
01800008
00000000
00000000
00000000
00000000
00000000
218c0001
00000000
00000000
00000000
00000000
00000000
218c0001
00000000
00000000
00000000
00000000
00000000
200d0004
00000000
00000000
00000000
00000000
00000000
15a00011
00000000
00000000
00000000
00000000
00000000
21adfffc
00000000
00000000
00000000
00000000
00000000
03e00008
00000000
00000000
00000000
00000000
00000000
0c0001e6
00000000
00000000
00000000
00000000
00000000
218c0001